FormKey: 000850:Portable Junk Recycler Mk 2.esp
VersionControl: 11036
EditorID: PJRM2_Transform
Position: -2.63, 230, 4.44
Rotation: 4.103967, 5.8311453, 3.107908
Scale: 1
ZoomMin: -0.8
ZoomMax: 0.8
